H
1
1
2.0
-1.

HE
1
2
1.0
-1.0

NEON
1
10
1.0
-1.0

C
1
6
1.
0.

Li
1
3
1.
0.

AIR
4
6 7 8 18
.0003 1.5616 .4196 .0094
-1.

S
1
16
1.
0.

Hg
1
80
1.
0.

AL
1
13
1.
0.

AR
1
18
1.
-1.

AU
1
79
1.
0.

BE
1
4
1.
0.

BUTANE
2
6 1
4. 10.
-1.

CO2
2
6 8
1. 2.
-1.

C3F8
2
6 9
3. 8.
-1.

KAPTON
4
6 1 7 8
22. 10. 2. 5.
1.42

HAVAR
5
27   26    24   28   74
42.5 17.86 20.0 13.0 2.8
8.3

Si3N4
2
7 14
4 3
3.44

H2S
2
1 16
2. 1.
-1.

NeC
2
6    10
83.3 16.7
2.7036

METHANE
2
6 1
1. 4.
-1.

MYLAR
3
6 1 8
10. 8. 4.
1.3825

P10GAS
3
18 6 1
0.9 0.1 0.4
-1.

HeCO2
3
2 6 8
0.9 0.1 0.2
-1.

P2GAS
3
18 6 1
0.98 0.02 0.08
-1.

PB
1
82
1.
0.

PLASTIC_NE104
2
6 1
1. 1.100
1.032

POLYETHYLENE
2
6 1
1. 2.
0.9375

POLYPROPYLENE
2
6 1
3. 6.
0.9

POLYSTYRENE
2
6 1
8. 8.
1.04

SI
1
14
1.
0.

TEFLON
2
6 9
1. 2.
2.15

XE_90_CO2_10
3
6 8 54
.1 .2 .9
-1.

END

